# Halo Mass(Solar Units), Centrals(data), Satellites(Data), Total(Data), Total(Theory Fit)
6.512568672684246826e+10 8.382109226067887975e-06 0.000000000000000000e+00 5.965775635283260037e-06 5.965775635283260037e-06
1.104884646772463226e+11 5.232445713375722166e-05 0.000000000000000000e+00 6.529858003213961199e-05 6.529858003213961199e-05
1.874483240067476196e+11 3.746904730874493208e-04 2.421900495401848786e-06 5.141545000685727703e-04 5.141545000685727703e-04
3.180139598787874146e+11 2.423532231647069091e-03 2.540530190102089091e-05 2.914190186666540828e-03 2.914190186666540828e-03
5.395240486340464478e+11 1.802479636232785093e-02 1.936479235828420116e-04 1.204335847283339450e-02 1.204335847283339450e-02
9.153252239789135742e+11 7.512023419530214352e-02 1.086421101553989351e-03 3.686286285611174024e-02 3.686286285611174024e-02
1.552887712370231934e+12 1.160290501515411632e-01 4.573104546806028119e-03 8.561584844906476588e-02 8.561584844906476588e-02
2.634539269821329590e+12 1.372783239915464359e-01 1.486164874107658886e-02 1.565956519564977723e-01 1.565956519564977723e-01
4.469606597399554688e+12 1.572394712573009501e-01 3.885369893417364023e-02 2.382621162600000730e-01 2.382621162600000730e-01
7.582875444051550781e+12 1.635484281532391393e-01 8.626297650306635756e-02 3.245166524449638601e-01 3.245166524449638601e-01
1.286466688890558789e+13 1.922005571030640791e-01 1.727692498946708510e-01 4.295637233185945481e-01 4.295637233185945481e-01
2.182544806170210156e+13 2.237939789626405829e-01 3.288806354151265210e-01 5.919447342619446051e-01 5.919447342619446051e-01
3.702778993095100000e+13 2.496831432192648803e-01 6.146190404440251553e-01 8.791846221969699116e-01 8.791846221969699116e-01
6.281920184614582031e+13 2.846889952153109915e-01 1.143193131640487525e+00 1.408013262332243665e+00 1.408013262332243665e+00
1.065754161386820000e+14 2.658823529411764586e-01 2.124543474132870369e+00 2.389394138112085564e+00 2.389394138112085564e+00
1.808096727008978438e+14 2.180094786729857570e-01 3.947897010830919928e+00 4.212750264743529982e+00 4.212750264743529982e+00
3.067512089248143125e+14 3.092783505154639290e-01 7.336045472408430967e+00 7.600898881584273958e+00 7.600898881584273958e+00
5.204163182823329375e+14 2.941176470588235392e-01 1.363194957021831399e+01 1.389680298596868369e+01 1.389680298596868369e+01
8.829081563649841250e+14 2.307692307692307543e-01 2.533109224975281748e+01 2.559594566569971974e+01 2.559594566569971974e+01
