# Halo Mass(Solar Units), Centrals(data), Satellites(Data), Total(Data), Total(Theory Fit)
6.512568672684246826e+10 9.903410796574657333e-06 0.000000000000000000e+00 4.118736450019487615e-06 4.118736450019487615e-06
1.104884646772463226e+11 3.681952907822304689e-05 0.000000000000000000e+00 3.908867838844193413e-05 3.908867838844193413e-05
1.874483240067476196e+11 1.537662549261209076e-04 1.524452519061334080e-06 2.842624524164396216e-04 2.842624524164396216e-04
3.180139598787874146e+11 1.010835150330400764e-03 1.543981852531773829e-05 1.580054195324836173e-03 1.580054195324836173e-03
5.395240486340464478e+11 6.126995396367966758e-03 1.202589979887867707e-04 6.778776596006725122e-03 6.778776596006725122e-03
9.153252239789135742e+11 3.865358205018599308e-02 7.256049738641853937e-04 2.267664329410660345e-02 2.267664329410660345e-02
1.552887712370231934e+12 8.555711698442160229e-02 3.426797925688855519e-03 6.006874294164542966e-02 6.006874294164542966e-02
2.634539269821329590e+12 1.414614694447213494e-01 1.285721091474125409e-02 1.289729997565860486e-01 1.289729997565860486e-01
4.469606597399554688e+12 1.818238718157351164e-01 3.914926178214914176e-02 2.323296042876105139e-01 2.323296042876105139e-01
7.582875444051550781e+12 2.305193671195557292e-01 9.964763224073538983e-02 3.683065025064513609e-01 3.683065025064513609e-01
1.286466688890558789e+13 2.791363325244228810e-01 2.203094956366355439e-01 5.448450349389761804e-01 5.448450349389761804e-01
2.182544806170210156e+13 3.081920281876238676e-01 4.420608246070807379e-01 7.978608065260688331e-01 7.978608065260688331e-01
3.702778993095100000e+13 3.189453125000000222e-01 8.391339935836001906e-01 1.208154119710271202e+00 1.208154119710271202e+00
6.281920184614582031e+13 3.130193905817174604e-01 1.553385819412974822e+00 1.926629892619609485e+00 1.926629892619609485e+00
1.065754161386820000e+14 3.292894280762564962e-01 2.850816038588253942e+00 3.225079666713400073e+00 3.225079666713400073e+00
1.808096727008978438e+14 3.375262054507337517e-01 5.220234079712334996e+00 5.594683578277765079e+00 5.594683578277765079e+00
3.067512089248143125e+14 3.465909090909091161e-01 9.554870512836235008e+00 9.929345597437405857e+00 9.929345597437405857e+00
5.204163182823329375e+14 4.800000000000000377e-01 1.748771405234565890e+01 1.786219179562089820e+01 1.786219179562089820e+01
8.829081563649841250e+14 3.846153846153845812e-01 3.200651870642987262e+01 3.238099665818649697e+01 3.238099665818649697e+01
