# Halo Mass(Solar Units), Centrals(data), Satellites(Data), Total(Data), Total(Theory Fit)
6.512568672684246826e+10 7.132983783161366000e-06 0.000000000000000000e+00 4.109063170268058175e-06 4.109063170268058175e-06
1.104884646772463226e+11 4.706723121729302831e-05 0.000000000000000000e+00 4.861604699094589403e-05 4.861604699094589403e-05
1.874483240067476196e+11 2.597788803188443561e-04 0.000000000000000000e+00 4.029470840576232374e-04 4.029470840576232374e-04
3.180139598787874146e+11 2.122640854168460645e-03 2.034821368217915819e-05 2.375807931332639660e-03 2.375807931332639660e-03
5.395240486340464478e+11 1.438875617505856221e-02 1.609007271506718501e-04 9.967850838804394320e-03 9.967850838804394320e-03
9.153252239789135742e+11 6.127513267060318708e-02 9.195980397041127056e-04 3.043172859627329280e-02 3.043172859627329280e-02
1.552887712370231934e+12 9.668640947654873197e-02 3.884227718114037498e-03 6.951896891727424310e-02 6.951896891727424310e-02
2.634539269821329590e+12 1.145210789856243028e-01 1.253753266455245353e-02 1.240870611739922358e-01 1.240870611739922358e-01
4.469606597399554688e+12 1.249128862044934229e-01 3.245045260964222328e-02 1.844712434417360436e-01 1.844712434417360436e-01
7.582875444051550781e+12 1.526124615814473673e-01 7.165861616097392306e-02 2.484158568482917051e-01 2.484158568482917051e-01
1.286466688890558789e+13 1.866870696250956252e-01 1.441653188748474312e-01 3.314042531661072211e-01 3.314042531661072211e-01
2.182544806170210156e+13 1.978346456692913757e-01 2.783015193799298070e-01 4.686184866088121126e-01 4.686184866088121126e-01
3.702778993095100000e+13 2.028768354809709351e-01 5.302924315660044741e-01 7.212355131755520121e-01 7.212355131755520121e-01
6.281920184614582031e+13 1.889071938495332226e-01 1.007602777050624621e+00 1.198634028901501170e+00 1.198634028901501170e+00
1.065754161386820000e+14 1.870897155361050113e-01 1.913737279036906935e+00 2.104777120998888140e+00 2.104777120998888140e+00
1.808096727008978438e+14 1.733021077283372069e-01 3.634603704056228679e+00 3.825644124630934506e+00 3.825644124630934506e+00
3.067512089248143125e+14 1.296296296296296224e-01 6.902883735121426056e+00 7.093924182623160490e+00 7.093924182623160490e+00
5.204163182823329375e+14 1.219512195121951192e-01 1.311003928901820004e+01 1.330107973738510729e+01 1.330107973738510729e+01
8.829081563649841250e+14 1.428571428571428215e-01 2.489874319105325284e+01 2.508978363943933942e+01 2.508978363943933942e+01
