# Halo Mass(Solar Units), Centrals(data), Satellites(Data), Total(Data), Total(Theory Fit)
6.512568672684246826e+10 5.108898820901386915e-06 0.000000000000000000e+00 3.634225994224593677e-06 3.634225994224593677e-06
1.104884646772463226e+11 3.307070739833065451e-05 1.634773997410225058e-07 2.989349967233931869e-05 2.989349967233931869e-05
1.874483240067476196e+11 1.173551408009011613e-04 1.861806167882753742e-06 1.968047862628757654e-04 1.968047862628757654e-04
3.180139598787874146e+11 6.589507946334898121e-04 1.703727232571321509e-05 1.044128037031500332e-03 1.044128037031500332e-03
5.395240486340464478e+11 3.629487344736850862e-03 1.256761481948456035e-04 4.487792479607692966e-03 4.487792479607692966e-03
9.153252239789135742e+11 2.680007286164095073e-02 7.505297526603071229e-04 1.574903287447720207e-02 1.574903287447720207e-02
1.552887712370231934e+12 8.435455915270918814e-02 3.650043573930226645e-03 4.564659953375473783e-02 4.564659953375473783e-02
2.634539269821329590e+12 1.656746249643084590e-01 1.457344368336361932e-02 1.111148091580334007e-01 1.111148091580334007e-01
4.469606597399554688e+12 2.091211198106794900e-01 4.831057299757485907e-02 2.325697221773363466e-01 2.325697221773363466e-01
7.582875444051550781e+12 2.646237717350684582e-01 1.350454371064748749e-01 4.315984977370476150e-01 4.315984977370476150e-01
1.286466688890558789e+13 2.991759649883688477e-01 3.250680217123844695e-01 7.360590738414118928e-01 7.360590738414118928e-01
2.182544806170210156e+13 3.294479876841873711e-01 6.921342589820765889e-01 1.195964333340174379e+00 1.195964333340174379e+00
3.702778993095100000e+13 4.191380569758947905e-01 1.345192575452713868e+00 1.908977976383770647e+00 1.908977976383770647e+00
6.281920184614582031e+13 4.741379310344827624e-01 2.464134269543502676e+00 3.058740363074368140e+00 3.058740363074368140e+00
1.065754161386820000e+14 5.306569343065693500e-01 4.370622456410886869e+00 4.977839429453759124e+00 4.977839429453759124e+00
1.808096727008978438e+14 6.223776223776223970e-01 7.642492487959256842e+00 8.253816216151790286e+00 8.253816216151790286e+00
3.067512089248143125e+14 6.258503401360544505e-01 1.329703537101288191e+01 1.390942338142180645e+01 1.390942338142180645e+01
5.204163182823329375e+14 4.666666666666666741e-01 2.310334239014529700e+01 2.371594986618250189e+01 2.371594986618250189e+01
8.829081563649841250e+14 1.000000000000000000e+00 4.012958940294490162e+01 4.074223288451476321e+01 4.074223288451476321e+01
