# Halo Mass(Solar Units), Centrals(data), Satellites(Data), Total(Data), Total(Theory Fit)
6.862831832039808655e+10 4.633630810278453341e-06 0.000000000000000000e+00 4.633630810278453341e-06 4.633630810278453341e-06
1.192851494542507782e+11 4.484695652496709952e-05 0.000000000000000000e+00 4.484695652496709952e-05 4.484695652496709952e-05
2.073334627535774841e+11 3.291811589113236122e-04 2.144863374413205873e-06 3.313260222857367923e-04 3.313260222857367923e-04
3.603731476555335693e+11 1.839601173660408272e-03 2.287763241883589171e-05 1.862478806079244245e-03 1.862478806079244245e-03
6.263764846560755615e+11 7.869298950646858373e-03 1.867867993693162203e-04 8.056085750016175190e-03 8.056085750016175190e-03
1.088725680818850464e+12 2.596305046638523045e-02 1.176220082292669814e-03 2.713927054867790178e-02 2.713927054867790178e-02
1.892350107500116211e+12 6.678427112397489207e-02 5.774704949463456069e-03 7.255897607343834987e-02 7.255897607343834987e-02
3.289156297537104980e+12 1.360369362290030637e-01 2.245097404043005368e-02 1.584879102694331243e-01 1.584879102694331243e-01
5.716991325627269531e+12 2.243909467446154604e-01 7.068160662716650722e-02 2.950725533717819538e-01 2.950725533717819538e-01
9.936891670903884766e+12 3.091677353507297221e-01 1.858737166100397631e-01 4.950414519607694852e-01 4.950414519607694852e-01
1.727164000348470312e+13 3.703442713700685340e-01 4.249640435606100164e-01 7.953083149306785504e-01 7.953083149306785504e-01
3.002040862369973438e+13 4.035429769639383712e-01 8.838103525607783340e-01 1.287353329524716816e+00 1.287353329524716816e+00
5.217946493512333594e+13 4.170896554474092799e-01 1.743497969786921287e+00 2.160587625234330567e+00 2.160587625234330567e+00
9.069485345933371875e+13 4.212453623000226299e-01 3.360855932067166485e+00 3.782101294367189226e+00 3.782101294367189226e+00
1.576397238690962812e+14 4.222035775558872217e-01 6.429236610086128678e+00 6.851440187642015900e+00 6.851440187642015900e+00
2.739988168420983125e+14 4.223696038847647438e-01 1.227588730281169660e+01 1.269825690669646079e+01 1.269825690669646079e+01
4.762464040676204375e+14 4.223912143250554974e-01 2.343137902332426847e+01 2.385377023764932503e+01 2.385377023764932503e+01
8.277796232895652500e+14 4.223933267978026151e-01 4.472215861414179017e+01 4.514455194093959278e+01 4.514455194093959278e+01
1.438791136018998250e+15 4.223934818300374427e-01 8.535827961521123086e+01 8.578067309704127297e+01 8.578067309704127297e+01
